 new_wdir   225.0000       225.0000    
 wdir   225.0000       225.0000    
 arcdis    5808.639    
 darcdis    5808.639    
 ssanaly ia,r2,vcor   0.9494808       1.000000       2.000009    
 ia alt   0.9494808    
 ciagree  (0.9494808,0.0000000E+00)
 correl    1.000000       55.00000       64.00000       336.0000    
   336.0000    
 fit    8.999958       1.000001       1.000000    
 vcc alt    2.000009    
 tfreez of 35.0   -1.922301    
 saturation vapor pressure over water at 0 C    599.9026    
 vectorize x,y    16.67180       17.04996       17.39739       17.71359    
   17.99805       18.25029       18.46984       18.65627       18.80913    
   18.92802       19.01256       19.06237       19.07709       19.05641    
   19.00000       18.90757       18.77886       18.61361       18.41159    
   18.17259       17.89641       17.58290       17.23190       16.84329    
   16.41697       15.95284       15.45085       14.91096       14.33315    
   13.71741       13.06378       12.37231       11.64305       10.87612    
   10.07160       9.229635       8.350387       7.434029       6.480762    
   5.490815       4.464417       3.401838       2.303366       1.169310    
 -2.9723744E-06  -1.204212      -2.442962      -3.715852      -5.022467    
  -6.362371      -7.735110      -9.140197      -10.57715      -12.04545    
  -13.54456      -15.07391      -16.63293      -18.22103      -19.83759    
  -21.48198      -23.15354      -24.85160      -26.57546       17.26416    
   18.28384       19.32177       20.37716       21.44925       22.53723    
   23.64032       24.75770       25.88854       27.03202       28.18728    
   29.35347       30.52973       31.71519       32.90897       34.11017    
   35.31790       36.53127       37.74935       38.97124       40.19600    
   41.42272       42.65046       43.87828       45.10525       46.33041    
   47.55283       48.77155       49.98561       51.19407       52.39597    
   53.59035       54.77627       55.95275       57.11885       58.27361    
   59.41609       60.54532       61.66036       62.76027       63.84410    
   64.91092       65.95979       66.98980       68.00000       68.98949    
   69.95736       70.90269       71.82462       72.72221       73.59462    
   74.44096       75.26038       76.05200       76.81501       77.54855    
   78.25182       78.92398       79.56425       80.17184       80.74598    
   81.28590       81.79086    
 sumx of dist1    3465.000    
 sumx2 of dist1    211407.0    
 sumxy of dist1 dist2   7207.472    
